a=[
  [1, 1, 1, 1, 1, 1, 1, 1, 1, 1, 1, 1, 1, 1, 1, 1, 1, 1, 1, 1, 1],
  [1, 4, 15, 56, 209, 780, 2911, 10864, 40545, 151316, 564719, 2107560, 7865521],
  [1,15,192,2415,30305,380160,4768673,59817135,
    750331584,9411975375,118061508289,1480934568960,
    18576479568193,233018797965135,2922930580320960],
  [1,56,2415,100352,4140081,170537640,7022359583,
    289143013376,11905151192865,490179860527896,
    20182531537581071,830989874753525760,
    34214941811800329425,1408756312731277540744],
  [1,209,30305,4140081,557568000,74795194705,
    10021992194369,1342421467113969,
    179796299139278305,24080189412483072000,
    3225041354570508955681,431926215138756947267505,
    57847355494807961811035009,
    7747424602888405489208931601],
  [1,780,380160,170537640,74795194705,
   32565539635200,14143261515284447,
   6136973985625588560,2662079368040434932480,
   1154617875754582889149500,
   500769437567956298239402223,
   217185579535490113365186969600],
  [1,2911,4768673,7022359583,10021992194369,
    14143261515284447,19872369301840986112,
    27873182693625548898079,
    39067130344394503972142977,
    54740416599810921320592441119,
    76692291658239649098972455530913,
    107441842254735898225957962027174559,
    150517199699838971875005120330439121217]
]
p (0..6).map{|i| a[i][7]}
# p (0..6).map{|i| a[i][9]}